image_width: 1616
image_height: 1240
camera_name: cam0
camera_matrix:
  rows: 3
  cols: 3
  data: [1.3385234343266918e+03, 0, 7.7751173973178720e+02, 0, 1.3425295879377215e+03, 6.0463880114521805e+02, 0, 0, 1]
distortion_model: plumb_bob
distortion_coefficients:
  rows: 1
  cols: 5
  data: [-2.8541109815214427e-01, 7.8700795944869606e-01, -2.8518683773560215e-03, -2.5484403205412857e-03, -1.7612388126958594e+00]
rectification_matrix:
  rows: 3
  cols: 3
  data: [1, 0, 0, 0, 1, 0, 0, 0, 1]
projection_matrix:
  rows: 3
  cols: 4
  data: [1.3385234343266918e+03, 0, 7.7751173973178720e+02, 0, 0, 1.3425295879377215e+03, 6.0463880114521805e+02, 0, 0, 0, 1, 0]
